9,30,0,0.9193333333333333
9,30,1,1.0803333333333331
9,30,2,1.1923333333333332
9,30,4,1.3676666666666668
9,30,5,1.5439999999999998
9,30,8,1.9106666666666674
9,30,10,2.145666666666666
9,30,15,2.4559999999999995
9,30,20,2.7643333333333335
9,40,0,0.5312500000000001
9,40,1,0.628
9,40,2,0.7892500000000002
9,40,4,0.9649999999999999
9,40,5,1.1682499999999991
9,40,8,1.4262500000000002
9,40,10,1.6414999999999993
9,40,15,2.009
9,40,20,2.23525
9,50,0,0.2398
9,50,1,0.35760000000000014
9,50,2,0.508
9,50,4,0.7036000000000006
9,50,5,0.7944000000000001
9,50,8,1.0946000000000002
9,50,10,1.2642000000000004
9,50,15,1.6478000000000006
9,50,20,1.9564
