9,30,0,0.7453333333333331
9,30,1,1.395
9,30,2,1.8813333333333337
9,30,4,2.2833333333333328
9,30,5,2.4363333333333332
9,30,8,2.862999999999999
9,30,10,2.9586666666666654
9,30,15,3.1189999999999993
9,30,20,3.2483333333333335
9,40,0,0.38325
9,40,1,1.0415
9,40,2,1.43925
9,40,4,2.0165000000000006
9,40,5,2.253499999999999
9,40,8,2.5004999999999997
9,40,10,2.653250000000001
9,40,15,2.938499999999999
9,40,20,3.0727500000000005
9,50,0,0.14440000000000006
9,50,1,0.7576000000000002
9,50,2,1.2191999999999998
9,50,4,1.7193999999999992
9,50,5,1.9131999999999996
9,50,8,2.2724
9,50,10,2.4788
9,50,15,2.7903999999999995
9,50,20,3.0065999999999997
